10.0 3505.0 -2492.0
-840.0 5295.0 -445.0
-402.0 4552.0 -502.0
-370.0 3632.0 -995.0
-340.0 3595.0 -852.0
-427.0 3615.0 -1105.0
-392.0 3605.0 -1010.0
-350.0 3672.0 -902.0
-360.0 3735.0 -862.0
-310.0 3710.0 -812.0
-315.0 3652.0 -832.0
-310.0 3662.0 -805.0
-345.0 3677.0 -805.0
-315.0 3685.0 -745.0
-330.0 3672.0 -765.0
-242.0 3632.0 -760.0
-325.0 3657.0 -800.0
-275.0 3647.0 -790.0
-360.0 3632.0 -725.0
-325.0 3585.0 -745.0
-305.0 3610.0 -760.0
-325.0 3600.0 -685.0
-370.0 3605.0 -760.0
-305.0 3575.0 -730.0
-330.0 3567.0 -760.0
-242.0 3517.0 -627.0
-242.0 3522.0 -642.0
-280.0 3585.0 -700.0
-280.0 3552.0 -705.0
-222.0 3600.0 -670.0
-280.0 3585.0 -690.0
-275.0 3580.0 -685.0
-325.0 3562.0 -685.0
-290.0 3552.0 -632.0
-290.0 3562.0 -655.0
-270.0 3552.0 -655.0
-310.0 3547.0 -685.0
-242.0 3557.0 -665.0
-257.0 3532.0 -637.0
-290.0 3547.0 -622.0
-285.0 3532.0 -607.0
-295.0 3542.0 -642.0
-242.0 3532.0 -642.0
-275.0 3505.0 -650.0
-285.0 3552.0 -660.0
-265.0 3542.0 -690.0
-300.0 3557.0 -680.0
-247.0 3527.0 -642.0
-247.0 3547.0 -637.0
-227.0 3337.0 -597.0
-202.0 3337.0 -617.0
-2385.0 6652.0 -665.0
-2110.0 6562.0 -577.0
-1635.0 6155.0 -907.0
-1742.0 6080.0 -882.0
-1752.0 6102.0 -622.0
-1885.0 6127.0 -805.0
-1875.0 6127.0 -655.0
-1905.0 6155.0 -715.0
-1935.0 6112.0 -680.0
-1950.0 6122.0 -670.0
-1900.0 6065.0 -627.0
-1900.0 6065.0 -637.0
-1890.0 6080.0 -655.0
-1925.0 6075.0 -642.0
-1935.0 6060.0 -627.0
-1920.0 6107.0 -665.0
-1935.0 6070.0 -632.0
-1915.0 6035.0 -622.0
-1957.0 6075.0 -642.0
-1900.0 6060.0 -637.0
-1940.0 6065.0 -607.0
-1967.0 6080.0 -685.0
-1967.0 6097.0 -622.0
-1950.0 6092.0 -665.0
-1915.0 6045.0 -542.0
-1910.0 6060.0 -557.0
-1940.0 6017.0 -577.0
-1987.0 6035.0 -527.0
-1870.0 6055.0 -582.0
-1860.0 6045.0 -547.0
-1920.0 6060.0 -592.0
-1890.0 6097.0 -537.0
-1957.0 6097.0 -632.0
-1920.0 6080.0 -592.0
-1935.0 6070.0 -597.0
-1950.0 6107.0 -547.0
-1895.0 6092.0 -582.0
-1957.0 6055.0 -650.0
-1895.0 6050.0 -592.0
-1885.0 6022.0 -562.0
-1930.0 6080.0 -607.0
-1940.0 6070.0 -577.0
-1940.0 6040.0 -552.0
-1940.0 6040.0 -532.0
-1900.0 6055.0 -537.0
-1895.0 6087.0 -502.0
-1900.0 6087.0 -537.0
-1905.0 6035.0 -552.0
-1940.0 6092.0 -562.0
-1915.0 6097.0 -562.0
-4072.0 7792.0 -1045.0
-3552.0 7577.0 -892.0
-3287.0 7337.0 -1212.0
-3367.0 7370.0 -1365.0
-3145.0 7155.0 -1090.0
-3140.0 7275.0 -1050.0
-3245.0 7260.0 -1050.0
-3282.0 7097.0 -1065.0
-3382.0 7027.0 -1060.0
-3405.0 7035.0 -1045.0
-3470.0 6992.0 -1055.0
-3415.0 6975.0 -975.0
-3357.0 6940.0 -937.0
-3400.0 6887.0 -947.0
-3387.0 6867.0 -907.0
-3395.0 6877.0 -922.0
-3410.0 6845.0 -917.0
-3367.0 6867.0 -907.0
-3307.0 6887.0 -882.0
-3332.0 6872.0 -862.0
-3362.0 6840.0 -847.0
-3312.0 6845.0 -857.0
-3272.0 6840.0 -817.0
-3327.0 6835.0 -817.0
-3357.0 6840.0 -932.0
-3395.0 6850.0 -957.0
-3337.0 6882.0 -822.0
-3372.0 6887.0 -822.0
-3352.0 6867.0 -892.0
-3337.0 6872.0 -847.0
-3352.0 6877.0 -832.0
-3347.0 6882.0 -847.0
-3337.0 6892.0 -852.0
-3367.0 6887.0 -832.0
-3317.0 6815.0 -785.0
-3342.0 6855.0 -800.0
-3292.0 6860.0 -780.0
-3272.0 6825.0 -760.0
-3302.0 6855.0 -832.0
-3262.0 6855.0 -785.0
-3342.0 6860.0 -812.0
-3362.0 6882.0 -795.0
-3342.0 6860.0 -765.0
-3342.0 6867.0 -842.0
-3297.0 6867.0 -795.0
-3332.0 6820.0 -800.0
-3272.0 6840.0 -770.0
-3297.0 6845.0 -770.0
-3245.0 6872.0 -755.0
-3235.0 6860.0 -765.0
-5835.0 8432.0 -1425.0
-5595.0 8200.0 -1482.0
-5692.0 7860.0 -1837.0
-5687.0 7787.0 -1817.0
-5652.0 7882.0 -1765.0
-5677.0 7777.0 -1812.0
-5892.0 7620.0 -1877.0
-6130.0 7630.0 -1902.0
-6147.0 7782.0 -1792.0
-5565.0 8002.0 -1345.0
-5035.0 7667.0 -1445.0
-5080.0 7552.0 -1537.0
-5212.0 7542.0 -1517.0
-5225.0 7562.0 -1592.0
-5285.0 7557.0 -1562.0
-5265.0 7547.0 -1587.0
-5290.0 7557.0 -1562.0
-5300.0 7557.0 -1582.0
-5265.0 7547.0 -1567.0
-5300.0 7542.0 -1597.0
-5330.0 7520.0 -1607.0
-5392.0 7485.0 -1602.0
-5377.0 7542.0 -1607.0
-5382.0 7572.0 -1547.0
-5345.0 7530.0 -1597.0
-5325.0 7505.0 -1645.0
-5310.0 7520.0 -1617.0
-5290.0 7510.0 -1640.0
-5320.0 7485.0 -1592.0
-5295.0 7495.0 -1547.0
-5285.0 7515.0 -1617.0
-5305.0 7447.0 -1597.0
-5357.0 7495.0 -1640.0
-5335.0 7510.0 -1640.0
-5167.0 7520.0 -1572.0
-5187.0 7462.0 -1587.0
-5230.0 7452.0 -1602.0
-5157.0 7442.0 -1527.0
-4872.0 7327.0 -1267.0
-4952.0 7317.0 -1292.0
-4862.0 7280.0 -1267.0
-4877.0 7275.0 -1300.0
-4677.0 7327.0 -1315.0
-4647.0 7380.0 -1335.0
-4667.0 7375.0 -1237.0
-4622.0 7342.0 -1277.0
-4560.0 7390.0 -1272.0
-4617.0 7362.0 -1305.0
-4495.0 7395.0 -1115.0
-4495.0 7415.0 -1177.0
-8710.0 8170.0 -1700.0
-7822.0 8547.0 -1625.0
-6840.0 7390.0 -2025.0
-7012.0 7347.0 -1995.0
-7605.0 6970.0 -2275.0
-7410.0 6907.0 -2167.0
-7170.0 6935.0 -2207.0
-7135.0 6965.0 -2162.0
-7150.0 7142.0 -2172.0
-7140.0 7107.0 -2222.0
-7055.0 7195.0 -2182.0
-7095.0 7180.0 -2202.0
-7022.0 7180.0 -2162.0
-7012.0 7175.0 -2157.0
-7065.0 7237.0 -2172.0
-7055.0 7232.0 -2192.0
-7070.0 7252.0 -2197.0
-7037.0 7252.0 -2147.0
-7090.0 7232.0 -2212.0
-7085.0 7265.0 -2177.0
-7060.0 7280.0 -2162.0
-7050.0 7237.0 -2122.0
-7050.0 7290.0 -2207.0
-7050.0 7242.0 -2197.0
-7110.0 7275.0 -2227.0
-7070.0 7285.0 -2222.0
-7105.0 7275.0 -2227.0
-7070.0 7252.0 -2222.0
-7110.0 7232.0 -2232.0
-7075.0 7252.0 -2182.0
-7055.0 7260.0 -2197.0
-7060.0 7270.0 -2227.0
-7070.0 7232.0 -2242.0
-7070.0 7270.0 -2217.0
-7095.0 7237.0 -2227.0
-7120.0 7232.0 -2232.0
-7090.0 7242.0 -2232.0
-7135.0 7260.0 -2267.0
-7130.0 7242.0 -2325.0
-7120.0 7252.0 -2257.0
-7135.0 7310.0 -2290.0
-7100.0 7300.0 -2262.0
-7110.0 7280.0 -2257.0
-7110.0 7270.0 -2275.0
-7100.0 7270.0 -2280.0
-7135.0 7222.0 -2320.0
-7130.0 7242.0 -2310.0
-7135.0 7207.0 -2295.0
-7130.0 7237.0 -2275.0
-7177.0 7232.0 -2315.0
-10185.0 5965.0 -2350.0
-9685.0 6065.0 -2537.0
-9435.0 6275.0 -2620.0
-9267.0 6132.0 -2705.0
-9332.0 6237.0 -2615.0
-9327.0 6222.0 -2645.0
-9352.0 6207.0 -2640.0
-9352.0 6247.0 -2600.0
-9312.0 6290.0 -2582.0
-9332.0 6300.0 -2537.0
-9297.0 6255.0 -2492.0
-9292.0 6270.0 -2517.0
-9255.0 6375.0 -2492.0
-9337.0 6365.0 -2507.0
-9347.0 6275.0 -2547.0
-9307.0 6300.0 -2527.0
-9337.0 6322.0 -2487.0
-9302.0 6332.0 -2527.0
-9282.0 6275.0 -2517.0
-9282.0 6357.0 -2472.0
-9317.0 6285.0 -2512.0
-9332.0 6300.0 -2542.0
-9332.0 6337.0 -2497.0
-9292.0 6370.0 -2447.0
-9332.0 6342.0 -2502.0
-9287.0 6312.0 -2482.0
-9282.0 6365.0 -2462.0
-9267.0 6370.0 -2430.0
-9337.0 6380.0 -2462.0
-9327.0 6380.0 -2467.0
-9287.0 6395.0 -2405.0
-9277.0 6365.0 -2457.0
-9287.0 6405.0 -2462.0
-9282.0 6405.0 -2457.0
-9277.0 6370.0 -2430.0
-9277.0 6400.0 -2415.0
-9292.0 6357.0 -2437.0
-9327.0 6380.0 -2462.0
-9312.0 6347.0 -2452.0
-9282.0 6332.0 -2452.0
-9352.0 6410.0 -2457.0
-9357.0 6380.0 -2492.0
-9272.0 6395.0 -2482.0
-9337.0 6385.0 -2457.0
-9287.0 6347.0 -2467.0
-9297.0 6317.0 -2497.0
-9297.0 6312.0 -2442.0
-9317.0 6322.0 -2430.0
-9210.0 6347.0 -2380.0
-9215.0 6365.0 -2360.0
-8762.0 3245.0 -1985.0
-8587.0 3342.0 -1990.0
-8857.0 3355.0 -1907.0
-8802.0 3275.0 -1937.0
-8767.0 3270.0 -1955.0
-8685.0 3317.0 -1990.0
-8730.0 3485.0 -1932.0
-8700.0 3457.0 -2010.0
-8705.0 3437.0 -1917.0
-8792.0 3485.0 -1887.0
-10005.0 3777.0 -2330.0
-9842.0 3910.0 -2410.0
-9720.0 4060.0 -2280.0
-9780.0 4140.0 -2162.0
-9675.0 4187.0 -2227.0
-9680.0 4222.0 -2237.0
-9827.0 4470.0 -2112.0
-9802.0 4532.0 -2070.0
-9832.0 4542.0 -2080.0
-9827.0 4547.0 -2080.0
-9780.0 4557.0 -2090.0
-9842.0 4572.0 -2020.0
-9802.0 4615.0 -1985.0
-9760.0 4630.0 -2050.0
-9802.0 4605.0 -2040.0
-9780.0 4595.0 -2030.0
-9852.0 4615.0 -1990.0
-9787.0 4625.0 -2040.0
-9822.0 4667.0 -2010.0
-9802.0 4677.0 -2000.0
-9837.0 4715.0 -2005.0
-9817.0 4690.0 -1990.0
-9765.0 4695.0 -1965.0
-9787.0 4757.0 -2020.0
-9852.0 4730.0 -1980.0
-9852.0 4747.0 -2010.0
-9765.0 4690.0 -2030.0
-9770.0 4730.0 -2030.0
-9797.0 4700.0 -2055.0
-9740.0 4715.0 -2065.0
-9765.0 4647.0 -2105.0
-9852.0 4652.0 -2050.0
-9750.0 4647.0 -1950.0
-9730.0 4590.0 -2035.0
-9652.0 4567.0 -2055.0
-9642.0 4580.0 -2080.0
-9665.0 4580.0 -2020.0
-9665.0 4515.0 -2040.0
-9775.0 4532.0 -2080.0
-9975.0 4462.0 -2005.0
-9647.0 1747.0 -952.0
-9532.0 1835.0 -1050.0
-9327.0 2202.0 -1257.0
-9327.0 2285.0 -1355.0
-9277.0 2610.0 -1375.0
-9392.0 2557.0 -1325.0
-9392.0 2715.0 -1267.0
-9475.0 2715.0 -1237.0
-9352.0 2680.0 -1310.0
-9357.0 2412.0 -1287.0
-9322.0 2060.0 -1335.0
-9367.0 2155.0 -1315.0
-9392.0 2217.0 -1310.0
-9410.0 2217.0 -1310.0
-9445.0 2197.0 -1320.0
-9435.0 2177.0 -1292.0
-9455.0 2202.0 -1350.0
-9475.0 2217.0 -1272.0
-9430.0 2212.0 -1262.0
-9435.0 2170.0 -1320.0
-9582.0 2140.0 -1125.0
-9675.0 2077.0 -1055.0
-9357.0 2197.0 -1272.0
-9485.0 2145.0 -1242.0
-9455.0 2165.0 -1267.0
-9362.0 2240.0 -1345.0
-9660.0 2097.0 -1125.0
-9455.0 2212.0 -1330.0
-9652.0 2087.0 -1035.0
-9485.0 2165.0 -1207.0
-9685.0 2102.0 -1055.0
-9552.0 2107.0 -1147.0
-9665.0 2107.0 -1167.0
-9637.0 2102.0 -1227.0
-9520.0 2135.0 -1252.0
-9552.0 2140.0 -1197.0
-9480.0 2170.0 -1232.0
-9465.0 2177.0 -1257.0
-9527.0 2140.0 -1232.0
-9445.0 2135.0 -1330.0
-9440.0 2202.0 -1272.0
-9410.0 2207.0 -1287.0
-9450.0 2182.0 -1300.0
-9450.0 2155.0 -1292.0
-9495.0 2165.0 -1277.0
-9425.0 2197.0 -1300.0
-9435.0 2222.0 -1305.0
-9450.0 2182.0 -1292.0
-9465.0 2170.0 -1267.0
-9500.0 2135.0 -1282.0
-9405.0 125.0 -2492.0
-9287.0 240.0 -2452.0
-9195.0 370.0 -2325.0
-9112.0 632.0 -2370.0
-8827.0 552.0 -2142.0
-8857.0 397.0 -1965.0
-9210.0 92.0 -1315.0
-9220.0 287.0 -1355.0
-9302.0 637.0 -1325.0
-9327.0 632.0 -1292.0
-9307.0 560.0 -1287.0
-9362.0 622.0 -1237.0
-9352.0 715.0 -1212.0
-9435.0 637.0 -1120.0
-9787.0 507.0 -862.0
-9495.0 752.0 -1090.0
-9515.0 977.0 -1115.0
-9532.0 957.0 -1100.0
-9557.0 972.0 -1065.0
-9567.0 992.0 -1095.0
-9567.0 962.0 -1085.0
-9612.0 977.0 -1050.0
-9690.0 935.0 -1035.0
-9705.0 940.0 -1060.0
-9725.0 940.0 -1055.0
-9685.0 935.0 -995.0
-9685.0 982.0 -995.0
-9652.0 935.0 -1005.0
-9690.0 962.0 -985.0
-9665.0 987.0 -957.0
-9632.0 1015.0 -1010.0
-9680.0 1050.0 -1025.0
-9612.0 1087.0 -1035.0
-9647.0 1135.0 -1065.0
-9642.0 1035.0 -967.0
-9642.0 1010.0 -975.0
-9675.0 1045.0 -957.0
-9660.0 1107.0 -1025.0
-9680.0 1030.0 -985.0
-9710.0 1050.0 -985.0
-9837.0 992.0 -887.0
-9817.0 972.0 -892.0
-9755.0 992.0 -872.0
-9792.0 982.0 -862.0
-9832.0 987.0 -805.0
-9897.0 987.0 -812.0
-9832.0 982.0 -852.0
-9802.0 1020.0 -822.0
-9862.0 957.0 -812.0
-9877.0 1030.0 -795.0
-9027.0 -857.0 -2217.0
-9042.0 -847.0 -2207.0
-9032.0 -862.0 -2157.0
-9047.0 -852.0 -2217.0
-9042.0 -847.0 -2237.0
-9047.0 -830.0 -2217.0
-9022.0 -895.0 -2275.0
-9042.0 -872.0 -2222.0
-9012.0 -790.0 -2212.0
-9032.0 -847.0 -2237.0
-9032.0 -872.0 -2257.0
-9032.0 -872.0 -2207.0
-9017.0 -925.0 -2192.0
-9022.0 -872.0 -2247.0
-9032.0 -887.0 -2172.0
-9000.0 -910.0 -2187.0
-9007.0 -867.0 -2247.0
-9032.0 -895.0 -2237.0
-8990.0 -857.0 -2227.0
-8970.0 -862.0 -2222.0
-9027.0 -857.0 -2247.0
-9047.0 -905.0 -2267.0
-9032.0 -925.0 -2227.0
-9032.0 -905.0 -2237.0
-9032.0 -895.0 -2212.0
-9022.0 -862.0 -2217.0
-9027.0 -872.0 -2275.0
-9022.0 -842.0 -2300.0
-9017.0 -910.0 -2275.0
-9062.0 -920.0 -2237.0
-9042.0 -905.0 -2257.0
-8990.0 -887.0 -2217.0
-8985.0 -867.0 -2182.0
-9047.0 -882.0 -2262.0
-9012.0 -872.0 -2227.0
-9022.0 -862.0 -2305.0
-8980.0 -867.0 -2300.0
-9032.0 -887.0 -2247.0
-8990.0 -830.0 -2267.0
-9092.0 -830.0 -2242.0
-8690.0 -442.0 -1467.0
-8440.0 -622.0 -1467.0
-7645.0 -182.0 -1695.0
-7600.0 -432.0 -1592.0
-8150.0 -647.0 -1345.0
-8190.0 -675.0 -1305.0
-8200.0 -877.0 -1172.0
-8252.0 -882.0 -1182.0
-8210.0 -887.0 -1202.0
-8215.0 -925.0 -1207.0
-3617.0 -732.0 -2122.0
-4072.0 -720.0 -2300.0
