-1045.0 -862.0 -4827.0
-1977.0 -1417.0 -4482.0
-845.0 -820.0 -4630.0
-677.0 -710.0 -4742.0
-845.0 -732.0 -4432.0
-810.0 -790.0 -2857.0
-875.0 -952.0 -2415.0
-977.0 -1055.0 -2217.0
-2125.0 -3117.0 -5910.0
-2522.0 -3625.0 -5767.0
-3037.0 -4562.0 -5512.0
-3230.0 -4960.0 -5402.0
-3097.0 -4850.0 -5422.0
-3272.0 -5280.0 -5340.0
-1992.0 -3227.0 -5985.0
-1962.0 -3165.0 -6027.0
-2012.0 -3182.0 -5985.0
-1925.0 -3165.0 -6042.0
-1962.0 -3212.0 -6032.0
-1935.0 -3150.0 -6037.0
-1910.0 -3160.0 -6032.0
-1962.0 -3207.0 -5995.0
-1977.0 -3222.0 -6027.0
-1945.0 -3170.0 -6012.0
-1977.0 -3202.0 -6057.0
-1992.0 -3222.0 -6022.0
-1977.0 -3302.0 -6012.0
-1987.0 -3227.0 -6027.0
-1987.0 -3227.0 -5975.0
-1890.0 -3245.0 -6000.0
-1977.0 -3217.0 -5965.0
-1945.0 -3202.0 -5990.0
-2012.0 -3217.0 -6017.0
-1987.0 -3285.0 -6032.0
-2002.0 -3285.0 -6005.0
-2027.0 -3285.0 -6032.0
-2012.0 -3275.0 -6012.0
-2027.0 -3260.0 -6032.0
-1982.0 -3240.0 -6037.0
-1992.0 -3260.0 -6072.0
-2002.0 -3232.0 -6005.0
-1962.0 -3285.0 -6012.0
-2022.0 -3317.0 -6042.0
-1967.0 -3265.0 -6067.0
-2037.0 -3307.0 -6062.0
-2002.0 -3302.0 -6052.0
-2032.0 -3312.0 -6042.0
-2067.0 -3322.0 -6042.0
-2027.0 -3312.0 -6052.0
-2047.0 -3332.0 -6052.0
-2047.0 -3307.0 -6022.0
-2012.0 -3332.0 -6005.0
-2110.0 -3365.0 -5990.0
-2110.0 -3385.0 -6005.0
-2062.0 -3380.0 -6017.0
-2090.0 -3365.0 -6032.0
-2120.0 -3342.0 -6092.0
-2110.0 -3317.0 -6017.0
-2292.0 -5810.0 -6230.0
-2317.0 -5745.0 -6285.0
-2200.0 -5175.0 -6235.0
-2135.0 -5275.0 -6280.0
-2105.0 -4462.0 -6205.0
-1987.0 -4705.0 -6452.0
-2185.0 -4730.0 -6367.0
-2042.0 -4527.0 -5885.0
-1452.0 -3945.0 -6072.0
-3102.0 -7222.0 -4772.0
-2095.0 -4815.0 -6687.0
-1585.0 -3960.0 -6885.0
-1532.0 -2992.0 -6162.0
-910.0 -2355.0 -6062.0
-1742.0 -3035.0 -5985.0
-3250.0 -5777.0 -5447.0
-3302.0 -6227.0 -5340.0
-3307.0 -6395.0 -5235.0
-3312.0 -6432.0 -5235.0
-3307.0 -6347.0 -5255.0
-3292.0 -6327.0 -5215.0
-3302.0 -6265.0 -5265.0
-3302.0 -6197.0 -5255.0
-3357.0 -6150.0 -5285.0
-3387.0 -6155.0 -5260.0
-3337.0 -6117.0 -5295.0
-3372.0 -6102.0 -5305.0
-3322.0 -6075.0 -5310.0
-3352.0 -6097.0 -5290.0
-3332.0 -6145.0 -5285.0
-3307.0 -6117.0 -5270.0
-3372.0 -6107.0 -5270.0
-3327.0 -6092.0 -5235.0
-3312.0 -6092.0 -5275.0
-3327.0 -6102.0 -5285.0
-3352.0 -6137.0 -5285.0
-3317.0 -6150.0 -5265.0
-3287.0 -6145.0 -5265.0
-3367.0 -6122.0 -5300.0
-3450.0 -6480.0 -5177.0
-3485.0 -6495.0 -5182.0
-3387.0 -6357.0 -5452.0
-3395.0 -6332.0 -5437.0
-3312.0 -6332.0 -5565.0
-3277.0 -6322.0 -5555.0
-3352.0 -6542.0 -5517.0
-3332.0 -6662.0 -5517.0
-3170.0 -7097.0 -5502.0
-3140.0 -7092.0 -5555.0
-3062.0 -5850.0 -5837.0
-692.0 -3610.0 -5625.0
-1090.0 -4590.0 -5757.0
-1135.0 -4857.0 -5687.0
-1915.0 -6045.0 -4250.0
-1870.0 -7265.0 -3370.0
-2052.0 -9917.0 -2310.0
-2782.0 -12205.0 -1142.0
-2032.0 -10425.0 -2847.0
-2032.0 -7447.0 -5890.0
-2190.0 -6940.0 -6005.0
-2062.0 -6510.0 -6255.0
-1880.0 -6035.0 -6545.0
-1610.0 -4882.0 -6630.0
-777.0 -2365.0 -6270.0
-2797.0 -7940.0 -4732.0
-2052.0 -8122.0 -5827.0
-585.0 -2235.0 -6137.0
-777.0 -2517.0 -6200.0
-697.0 -2390.0 -6260.0
-2420.0 -7865.0 -5817.0
-1945.0 -8327.0 -5757.0
-1635.0 -8677.0 -5777.0
-1702.0 -8645.0 -5792.0
-1630.0 -8620.0 -5855.0
-1575.0 -8645.0 -5812.0
-1665.0 -8605.0 -5792.0
-1690.0 -8605.0 -5812.0
-1640.0 -8657.0 -5827.0
-1697.0 -8645.0 -5842.0
-1727.0 -8582.0 -5817.0
-1762.0 -8567.0 -5807.0
-1717.0 -8552.0 -5842.0
-1737.0 -8525.0 -5832.0
-1817.0 -8500.0 -5865.0
-1855.0 -8457.0 -5850.0
-1875.0 -8442.0 -5865.0
-1895.0 -8472.0 -5797.0
-1865.0 -8467.0 -5855.0
-1910.0 -8432.0 -5832.0
-1880.0 -8425.0 -5807.0
-1865.0 -8467.0 -5890.0
-1905.0 -8400.0 -5890.0
-2007.0 -8310.0 -5870.0
-2450.0 -7672.0 -5920.0
-2517.0 -7697.0 -5875.0
-2470.0 -7672.0 -5890.0
-2537.0 -7625.0 -5837.0
-2615.0 -7615.0 -5812.0
-2430.0 -7892.0 -5837.0
-2150.0 -8195.0 -5837.0
-335.0 -3820.0 -6092.0
-1340.0 -9655.0 -3665.0
-407.0 -9860.0 -4380.0
-115.0 -9442.0 -5457.0
-590.0 -9327.0 -5215.0
-222.0 -3122.0 -6970.0
-320.0 -2360.0 -6402.0
-702.0 -9945.0 -4345.0
-217.0 -10090.0 -4447.0
-1370.0 -9075.0 -5507.0
-207.0 -2805.0 -6807.0
-90.0 -2480.0 -6535.0
-202.0 -2495.0 -6477.0
-270.0 -2187.0 -6190.0
-55.0 -2265.0 -6347.0
-910.0 -9127.0 -5757.0
-590.0 -9205.0 -5752.0
-777.0 -9237.0 -5717.0
-860.0 -9217.0 -5732.0
-1222.0 -8980.0 -5752.0
-1420.0 -8860.0 -5737.0
-1492.0 -8835.0 -5832.0
-692.0 -9152.0 -5837.0
-162.0 -9222.0 -5880.0
-162.0 -9257.0 -5910.0
-252.0 -9252.0 -5885.0
-280.0 -9247.0 -5875.0
-252.0 -9205.0 -5870.0
-212.0 -9247.0 -5910.0
-257.0 -9252.0 -5900.0
-290.0 -9270.0 -5955.0
-275.0 -9232.0 -5935.0
-265.0 -9227.0 -5920.0
-252.0 -9232.0 -5890.0
-280.0 -9222.0 -5925.0
-192.0 -9190.0 -5945.0
-167.0 -9212.0 -5925.0
-222.0 -9205.0 -5920.0
-217.0 -9195.0 -5935.0
-192.0 -9217.0 -5980.0
-237.0 -9180.0 -5935.0
-167.0 -9195.0 -5940.0
-192.0 -9217.0 -5880.0
-132.0 -9200.0 -5975.0
-162.0 -9195.0 -5940.0
-125.0 -9222.0 -5915.0
-132.0 -9212.0 -5875.0
-20.0 -9327.0 -5837.0
-600.0 -9175.0 -5822.0
-762.0 -9112.0 -5817.0
115.0 -9587.0 -4757.0
1395.0 -9467.0 -5047.0
1562.0 -9515.0 -5250.0
207.0 -2847.0 -6992.0
1140.0 -10002.0 -4852.0
1442.0 -9887.0 -5047.0
1145.0 -9860.0 -5192.0
1135.0 -9882.0 -5200.0
790.0 -9902.0 -5187.0
422.0 -9917.0 -5187.0
242.0 -2060.0 -6152.0
152.0 -2240.0 -6352.0
247.0 -2165.0 -6330.0
0.0 -9290.0 -5827.0
45.0 -9332.0 -5782.0
45.0 -9357.0 -5842.0
70.0 -9280.0 -5832.0
217.0 -9320.0 -5920.0
187.0 -9320.0 -5890.0
147.0 -9320.0 -5910.0
167.0 -9332.0 -5895.0
162.0 -9347.0 -5812.0
137.0 -9342.0 -5875.0
132.0 -9332.0 -5885.0
142.0 -9315.0 -5895.0
120.0 -9347.0 -5880.0
142.0 -9327.0 -5885.0
110.0 -9300.0 -5860.0
60.0 -9400.0 -5860.0
15.0 -9342.0 -5865.0
95.0 -9352.0 -5850.0
115.0 -9280.0 -5842.0
115.0 -9247.0 -5822.0
55.0 -9300.0 -5860.0
90.0 -9305.0 -5885.0
70.0 -9275.0 -5900.0
75.0 -9390.0 -5832.0
70.0 -9327.0 -5860.0
75.0 -9320.0 -5850.0
60.0 -9310.0 -5875.0
65.0 -9310.0 -5885.0
65.0 -9242.0 -5885.0
70.0 -9275.0 -5860.0
85.0 -9290.0 -5865.0
30.0 -9315.0 -5850.0
60.0 -9352.0 -5885.0
65.0 -9347.0 -5837.0
45.0 -9305.0 -5855.0
50.0 -9305.0 -5865.0
60.0 -9320.0 -5870.0
1812.0 -9280.0 -5152.0
1910.0 -9262.0 -5325.0
1930.0 -9160.0 -5442.0
1702.0 -9175.0 -5570.0
2100.0 -8702.0 -5860.0
2620.0 -8640.0 -5697.0
2925.0 -8310.0 -5707.0
2410.0 -8812.0 -5640.0
1697.0 -9185.0 -5590.0
1635.0 -9112.0 -5712.0
652.0 -3250.0 -7037.0
1070.0 -3232.0 -6970.0
620.0 -2280.0 -6412.0
727.0 -2402.0 -6595.0
752.0 -2072.0 -6250.0
402.0 -2227.0 -6412.0
482.0 -2222.0 -6417.0
467.0 -2285.0 -6407.0
530.0 -2270.0 -6437.0
482.0 -2260.0 -6472.0
452.0 -2255.0 -6412.0
437.0 -2275.0 -6487.0
432.0 -2285.0 -6442.0
467.0 -2302.0 -6457.0
422.0 -2307.0 -6477.0
437.0 -2280.0 -6510.0
437.0 -2285.0 -6500.0
437.0 -2302.0 -6482.0
477.0 -2255.0 -6492.0
467.0 -2280.0 -6452.0
487.0 -2280.0 -6477.0
422.0 -2280.0 -6525.0
452.0 -2285.0 -6457.0
477.0 -2270.0 -6427.0
442.0 -2235.0 -6407.0
457.0 -2260.0 -6487.0
452.0 -2285.0 -6467.0
502.0 -2285.0 -6412.0
517.0 -2297.0 -6447.0
502.0 -2197.0 -6392.0
525.0 -2160.0 -6362.0
525.0 -2145.0 -6392.0
462.0 -2150.0 -6320.0
497.0 -2087.0 -6270.0
570.0 -2092.0 -6290.0
545.0 -2097.0 -6342.0
507.0 -2082.0 -6285.0
517.0 -2145.0 -6337.0
512.0 -2112.0 -6372.0
512.0 -2125.0 -6352.0
1197.0 -3060.0 -6270.0
3420.0 -8027.0 -5540.0
3745.0 -7792.0 -5377.0
3985.0 -7310.0 -5372.0
3920.0 -7922.0 -5137.0
2032.0 -3752.0 -6940.0
3935.0 -7342.0 -5630.0
3470.0 -8437.0 -5220.0
3505.0 -8495.0 -5102.0
3745.0 -8305.0 -5047.0
3857.0 -8055.0 -5172.0
922.0 -2145.0 -6235.0
1032.0 -2040.0 -6240.0
1477.0 -3065.0 -7200.0
1707.0 -3170.0 -7180.0
2905.0 -5810.0 -7160.0
2807.0 -6427.0 -7077.0
2705.0 -6595.0 -7012.0
2620.0 -6767.0 -7052.0
2910.0 -6040.0 -7175.0
2935.0 -5260.0 -7215.0
1202.0 -2777.0 -7127.0
1600.0 -3092.0 -7175.0
2875.0 -4982.0 -7185.0
2955.0 -5620.0 -7160.0
2910.0 -5160.0 -7185.0
2915.0 -5127.0 -7170.0
2955.0 -5170.0 -7185.0
2945.0 -5140.0 -7180.0
2935.0 -5202.0 -7215.0
2935.0 -5217.0 -7170.0
2945.0 -5207.0 -7220.0
2940.0 -5185.0 -7180.0
2960.0 -5192.0 -7245.0
2940.0 -5217.0 -7205.0
2945.0 -5250.0 -7185.0
2905.0 -5260.0 -7175.0
2950.0 -5265.0 -7127.0
2985.0 -5255.0 -7150.0
2995.0 -5222.0 -7195.0
2990.0 -5222.0 -7175.0
2970.0 -5160.0 -7132.0
3027.0 -5255.0 -7180.0
2970.0 -5265.0 -7137.0
2960.0 -5242.0 -7180.0
2980.0 -5260.0 -7155.0
3002.0 -5270.0 -7185.0
3017.0 -5300.0 -7137.0
3017.0 -5280.0 -7175.0
2990.0 -5260.0 -7155.0
3072.0 -3772.0 -6372.0
1712.0 -2872.0 -6250.0
4200.0 -7027.0 -5255.0
4235.0 -6740.0 -5250.0
4567.0 -5835.0 -5102.0
4300.0 -5782.0 -5320.0
2440.0 -3862.0 -6812.0
2857.0 -4897.0 -6717.0
3135.0 -5260.0 -6615.0
3082.0 -4857.0 -6595.0
3205.0 -4385.0 -6472.0
1345.0 -2255.0 -6362.0
4062.0 -6562.0 -5905.0
1767.0 -2427.0 -6427.0
2067.0 -3302.0 -7082.0
2160.0 -3290.0 -7082.0
2257.0 -3375.0 -7087.0
2567.0 -3845.0 -7165.0
2757.0 -4615.0 -7265.0
2782.0 -4700.0 -7290.0
2072.0 -3365.0 -7210.0
2375.0 -3792.0 -7230.0
2930.0 -5040.0 -7255.0
2940.0 -5035.0 -7205.0
2945.0 -5065.0 -7175.0
3032.0 -5250.0 -7175.0
3012.0 -5155.0 -7092.0
3022.0 -5217.0 -7142.0
3017.0 -5222.0 -7185.0
3032.0 -5237.0 -7142.0
3037.0 -4845.0 -7127.0
2150.0 -3375.0 -7210.0
1950.0 -3065.0 -7142.0
2857.0 -4365.0 -7165.0
3052.0 -5122.0 -7112.0
3135.0 -5255.0 -7112.0
3155.0 -5442.0 -7117.0
3122.0 -5180.0 -7122.0
3150.0 -5040.0 -7180.0
3047.0 -5012.0 -7127.0
3042.0 -4835.0 -7160.0
3002.0 -4897.0 -7165.0
2995.0 -4872.0 -7137.0
3067.0 -4872.0 -7127.0
3032.0 -4902.0 -7127.0
3072.0 -4915.0 -7122.0
3052.0 -4892.0 -7127.0
3027.0 -4897.0 -7132.0
3057.0 -4877.0 -7132.0
3052.0 -4867.0 -7117.0
3317.0 -3705.0 -6215.0
3235.0 -3667.0 -6250.0
3272.0 -3657.0 -6235.0
3190.0 -3562.0 -6200.0
4332.0 -4930.0 -5192.0
4265.0 -4690.0 -5245.0
3735.0 -3317.0 -5512.0
3675.0 -3227.0 -5605.0
4092.0 -4127.0 -5350.0
4300.0 -4715.0 -5187.0
3225.0 -3562.0 -6235.0
3022.0 -3307.0 -6290.0
2110.0 -2285.0 -6152.0
2935.0 -2537.0 -5895.0
2812.0 -2427.0 -5855.0
2645.0 -2250.0 -5797.0
3490.0 -3232.0 -6027.0
3897.0 -4270.0 -6137.0
4372.0 -5145.0 -5692.0
3500.0 -3395.0 -6042.0
3372.0 -3442.0 -6167.0
3302.0 -3245.0 -6175.0
2610.0 -2835.0 -6315.0
3387.0 -3632.0 -6347.0
2915.0 -3002.0 -6310.0
4270.0 -5002.0 -6162.0
4102.0 -4232.0 -6195.0
4530.0 -4915.0 -5837.0
4422.0 -4092.0 -5865.0
1497.0 -1522.0 -5955.0
1620.0 -1475.0 -6037.0
4825.0 -5260.0 -5615.0
4470.0 -3767.0 -5737.0
4602.0 -4102.0 -5665.0
4825.0 -4987.0 -5550.0
4795.0 -4850.0 -5580.0
4765.0 -4585.0 -5555.0
4745.0 -4585.0 -5600.0
4775.0 -4567.0 -5600.0
4755.0 -4515.0 -5600.0
4705.0 -4447.0 -5615.0
4715.0 -4422.0 -5625.0
4750.0 -4447.0 -5650.0
4775.0 -4442.0 -5635.0
4770.0 -4462.0 -5610.0
4750.0 -4470.0 -5640.0
4750.0 -4447.0 -5630.0
4705.0 -4380.0 -5605.0
4652.0 -4442.0 -5615.0
4692.0 -4470.0 -5645.0
3377.0 -2642.0 -6072.0
3382.0 -2637.0 -6072.0
3092.0 -2317.0 -6017.0
2890.0 -2170.0 -6047.0
3235.0 -2355.0 -5995.0
3970.0 -3130.0 -5935.0
3852.0 -2747.0 -5757.0
3812.0 -2787.0 -5822.0
3622.0 -2562.0 -5797.0
3567.0 -2480.0 -5797.0
3557.0 -2490.0 -5832.0
3582.0 -2532.0 -5817.0
3592.0 -2517.0 -5792.0
3587.0 -2522.0 -5782.0
3542.0 -2490.0 -5817.0
3542.0 -2480.0 -5777.0
3582.0 -2475.0 -5772.0
3542.0 -2475.0 -5817.0
3500.0 -2485.0 -5827.0
3470.0 -2407.0 -5842.0
3500.0 -2437.0 -5842.0
3485.0 -2452.0 -5855.0
3500.0 -2512.0 -5842.0
3532.0 -2500.0 -5837.0
3532.0 -2460.0 -5827.0
3510.0 -2537.0 -5807.0
3527.0 -2500.0 -5807.0
3485.0 -2505.0 -5855.0
3547.0 -2512.0 -5850.0
3537.0 -2485.0 -5817.0
3552.0 -2500.0 -5787.0
3515.0 -2500.0 -5850.0
3505.0 -2480.0 -5850.0
3537.0 -2475.0 -5827.0
3480.0 -2422.0 -5802.0
3520.0 -2442.0 -5807.0
3465.0 -2432.0 -5792.0
3430.0 -2442.0 -5827.0
3480.0 -2427.0 -5842.0
3420.0 -2442.0 -5842.0
3395.0 -2395.0 -5880.0
3470.0 -2427.0 -5797.0
3425.0 -2407.0 -5797.0
3460.0 -2395.0 -5807.0
3425.0 -2385.0 -5782.0
3445.0 -2412.0 -5792.0
3480.0 -2432.0 -5787.0
3470.0 -2417.0 -5802.0
3440.0 -2427.0 -5812.0
3430.0 -2365.0 -5860.0
