815.0 287.0 -11405.0
1320.0 1280.0 -19535.0
2522.0 4365.0 -8805.0
2512.0 4347.0 -8800.0
2517.0 4337.0 -8790.0
2527.0 4375.0 -8790.0
2537.0 4355.0 -8815.0
2497.0 4322.0 -8800.0
2527.0 4337.0 -8775.0
2517.0 4337.0 -8775.0
2557.0 4317.0 -8795.0
2502.0 4317.0 -8820.0
2517.0 4307.0 -8747.0
2532.0 4290.0 -8785.0
2512.0 4347.0 -8780.0
2522.0 4317.0 -8780.0
2517.0 4355.0 -8790.0
2542.0 4302.0 -8815.0
2512.0 4342.0 -8805.0
2522.0 4342.0 -8805.0
2542.0 4365.0 -8785.0
2512.0 4317.0 -8805.0
2522.0 4355.0 -8795.0
2512.0 4317.0 -8775.0
2532.0 4337.0 -8810.0
2532.0 4380.0 -8737.0
2512.0 4347.0 -8830.0
2502.0 4332.0 -8780.0
2527.0 4307.0 -8800.0
2557.0 4322.0 -8820.0
2542.0 4342.0 -8805.0
2512.0 4307.0 -8757.0
2557.0 4342.0 -8767.0
2562.0 4385.0 -8737.0
2512.0 4337.0 -8820.0
2537.0 4347.0 -8785.0
2542.0 4395.0 -8810.0
2542.0 4370.0 -8795.0
2507.0 4317.0 -8795.0
2502.0 4312.0 -8820.0
2527.0 4365.0 -8790.0
2542.0 4327.0 -8815.0
2527.0 4312.0 -8785.0
2522.0 4342.0 -8790.0
2537.0 4385.0 -8855.0
2532.0 4332.0 -8785.0
2552.0 4342.0 -8810.0
2532.0 4355.0 -8747.0
2542.0 4375.0 -8800.0
2562.0 4290.0 -8810.0
2542.0 4332.0 -8805.0
2522.0 4347.0 -8785.0
2465.0 4370.0 -8767.0
2487.0 4337.0 -8762.0
2482.0 4380.0 -8732.0
2507.0 4385.0 -8830.0
2502.0 4395.0 -8835.0
2487.0 4342.0 -8780.0
2430.0 4360.0 -8835.0
2460.0 4360.0 -8762.0
2465.0 4385.0 -8747.0
2450.0 4380.0 -8780.0
2470.0 4342.0 -8810.0
2460.0 4375.0 -8795.0
2425.0 4390.0 -8835.0
2435.0 4370.0 -8747.0
2482.0 4412.0 -8795.0
2470.0 4365.0 -8795.0
2445.0 4380.0 -8825.0
2470.0 4375.0 -8805.0
2482.0 4360.0 -8775.0
2465.0 4355.0 -8790.0
2475.0 4365.0 -8825.0
2445.0 4395.0 -8722.0
2460.0 4370.0 -8747.0
2470.0 4355.0 -8795.0
2475.0 4395.0 -8780.0
2502.0 4400.0 -8780.0
2465.0 4370.0 -8757.0
2475.0 4355.0 -8820.0
2440.0 4365.0 -8795.0
2475.0 4355.0 -8820.0
2482.0 4360.0 -8800.0
2455.0 4342.0 -8795.0
2492.0 4327.0 -8790.0
2492.0 4342.0 -8840.0
2482.0 4355.0 -8780.0
2492.0 4370.0 -8742.0
2527.0 4417.0 -8795.0
2517.0 4365.0 -8775.0
2460.0 4317.0 -8805.0
2502.0 4355.0 -8785.0
2475.0 4375.0 -8785.0
2487.0 4385.0 -8805.0
2482.0 4360.0 -8810.0
2492.0 4332.0 -8785.0
2460.0 4365.0 -8800.0
2487.0 4355.0 -8795.0
2475.0 4347.0 -8795.0
2475.0 4370.0 -8815.0
2502.0 4342.0 -8805.0
2497.0 4360.0 -8767.0
10887.0 32767.0 -18335.0
3225.0 30285.0 -32768.0
870.0 31242.0 -32768.0
-880.0 8310.0 -12725.0
-275.0 5452.0 -16385.0
-2767.0 20517.0 -8870.0
-3377.0 12577.0 -15802.0
-3567.0 13080.0 -16730.0
-1777.0 9430.0 -22722.0
-1310.0 5710.0 -19167.0
-3882.0 18915.0 -9185.0
-2292.0 8980.0 -11185.0
-4985.0 9027.0 -11820.0
-2297.0 5687.0 -15482.0
-2507.0 5577.0 -14025.0
-6987.0 9945.0 -19260.0
-4710.0 7577.0 -11337.0
-5872.0 7285.0 -12770.0
-4825.0 6640.0 -10592.0
-2735.0 3580.0 -13725.0
-3425.0 4432.0 -14700.0
-2975.0 5065.0 -13632.0
-4897.0 4835.0 -10855.0
-5152.0 5925.0 -11060.0
-3975.0 4020.0 -12380.0
-3985.0 3040.0 -6747.0
-2205.0 987.0 -31580.0
-4525.0 1700.0 -10405.0
-4775.0 2002.0 -9937.0
-4230.0 2155.0 -9845.0
-4180.0 2197.0 -9387.0
-4367.0 1705.0 -8697.0
-4652.0 1925.0 -9022.0
-4470.0 1982.0 -8982.0
-4607.0 1705.0 -9130.0
-4622.0 2160.0 -7062.0
-2857.0 1365.0 -12627.0
-9077.0 3197.0 -32768.0
-7870.0 1790.0 -32768.0
-4250.0 1030.0 -9327.0
-4847.0 1442.0 -9417.0
-4572.0 1595.0 -8712.0
-4657.0 1622.0 -8937.0
-3027.0 935.0 -7285.0
-6937.0 1107.0 -32768.0
-4667.0 115.0 -7312.0
-4627.0 385.0 -7407.0
-3347.0 107.0 -10287.0
-2747.0 365.0 -12075.0
-3490.0 412.0 -13800.0
-4572.0 -365.0 -7687.0
-4525.0 -480.0 -7575.0
-4735.0 -317.0 -7475.0
-4682.0 -297.0 -7462.0
-15337.0 -5360.0 -32768.0
-16362.0 -4087.0 -32768.0
-10067.0 -1820.0 -32768.0
-7165.0 -2217.0 -14542.0
-3877.0 -800.0 -8942.0
-3655.0 -867.0 -9520.0
-13507.0 -5600.0 -32768.0
-6640.0 -3465.0 -25632.0
-5457.0 -2385.0 -9105.0
-3542.0 -1350.0 -9135.0
-12535.0 -10280.0 -32768.0
-12640.0 -9247.0 -32768.0
-13960.0 -10990.0 -25430.0
-10975.0 -9117.0 -24465.0
-13885.0 -10022.0 -18625.0
-20227.0 -13440.0 -22697.0
-18757.0 -11337.0 -32768.0
-3930.0 -2460.0 -7737.0
-3940.0 -3447.0 -26587.0
-2990.0 -3505.0 -6677.0
-3092.0 -2915.0 -7037.0
-8302.0 -9850.0 -8155.0
-8487.0 -7677.0 -9890.0
-3455.0 -4495.0 -7275.0
-3495.0 -5312.0 -6992.0
-3250.0 -5155.0 -6845.0
-3405.0 -4887.0 -7037.0
-9225.0 -15340.0 -28507.0
-4770.0 -7035.0 -19645.0
-5490.0 -8055.0 -14405.0
-3165.0 -3915.0 -6860.0
-2852.0 -4405.0 -6960.0
-4785.0 -10262.0 -11242.0
-4545.0 -8375.0 -10952.0
-4367.0 -8572.0 -10740.0
-4317.0 -9117.0 -12120.0
-4157.0 -8357.0 -13750.0
-2640.0 -5337.0 -6472.0
-2405.0 -4960.0 -6590.0
-1997.0 -5242.0 -6407.0
-1100.0 -4720.0 -8160.0
-1155.0 -4797.0 -8145.0
-1177.0 -4915.0 -8155.0
-1212.0 -5075.0 -8185.0
-1425.0 -5107.0 -8140.0
-1400.0 -5160.0 -8125.0
-1680.0 -5385.0 -8067.0
-1645.0 -5322.0 -8037.0
-1855.0 -5532.0 -8002.0
-1680.0 -5515.0 -8032.0
-1502.0 -5360.0 -8047.0
-1527.0 -5385.0 -8077.0
-1462.0 -5270.0 -8057.0
-1472.0 -5270.0 -8027.0
-1375.0 -5180.0 -8092.0
-1355.0 -5212.0 -8102.0
-1160.0 -5007.0 -8112.0
-1177.0 -4950.0 -8155.0
-932.0 -4982.0 -8135.0
-865.0 -4877.0 -8125.0
-850.0 -4682.0 -8102.0
-870.0 -4647.0 -8097.0
-830.0 -4657.0 -8102.0
-840.0 -4690.0 -8097.0
-850.0 -4700.0 -8087.0
-895.0 -4695.0 -8072.0
-845.0 -4637.0 -8062.0
-840.0 -4690.0 -8117.0
-835.0 -4647.0 -8062.0
-840.0 -4690.0 -7997.0
-855.0 -4615.0 -8027.0
-830.0 -4642.0 -8062.0
-895.0 -4767.0 -8062.0
-932.0 -4810.0 -8007.0
-1060.0 -4915.0 -8032.0
-1232.0 -4882.0 -7997.0
-1297.0 -5107.0 -8022.0
-1457.0 -5242.0 -8027.0
-1777.0 -5437.0 -7895.0
-1655.0 -5615.0 -7940.0
-1792.0 -5835.0 -7920.0
-1675.0 -5945.0 -7920.0
-1870.0 -5887.0 -7910.0
-1802.0 -6070.0 -7950.0
-1905.0 -6207.0 -7950.0
-1610.0 -6452.0 -8057.0
-1860.0 -6687.0 -7890.0
-1712.0 -6872.0 -7972.0
-1757.0 -7467.0 -7820.0
-1807.0 -7447.0 -7910.0
-35.0 -3872.0 -7495.0
-10.0 -3840.0 -8170.0
-257.0 -3960.0 -8150.0
-595.0 -4370.0 -8230.0
-555.0 -4202.0 -8215.0
-732.0 -4585.0 -8190.0
-777.0 -4522.0 -8200.0
-860.0 -4982.0 -8180.0
-762.0 -4805.0 -8160.0
-810.0 -4695.0 -8112.0
-830.0 -4710.0 -8077.0
-820.0 -4652.0 -8067.0
-795.0 -4710.0 -8102.0
-810.0 -4630.0 -7992.0
-800.0 -4667.0 -8092.0
-717.0 -4672.0 -8117.0
-800.0 -4662.0 -8032.0
-795.0 -4695.0 -8027.0
-800.0 -4720.0 -8062.0
-1415.0 -8155.0 -7870.0
-1390.0 -8362.0 -7835.0
-1310.0 -8505.0 -7815.0
-1325.0 -8787.0 -7747.0
-1315.0 -8835.0 -7722.0
-1140.0 -9107.0 -7727.0
-1207.0 -9142.0 -7752.0
-1125.0 -9327.0 -7667.0
-1120.0 -9380.0 -7595.0
-1050.0 -9472.0 -7662.0
-982.0 -9487.0 -7677.0
-1227.0 -9672.0 -7525.0
-1182.0 -9850.0 -7305.0
-1105.0 -10185.0 -6422.0
-762.0 -9932.0 -6032.0
-1400.0 -9227.0 -5255.0
-1007.0 -8975.0 -5320.0
-1155.0 -8495.0 -5570.0
-1060.0 -8337.0 -5670.0
-1385.0 -8697.0 -5550.0
-890.0 -8772.0 -5630.0
-1182.0 -8557.0 -5427.0
-1135.0 -8582.0 -5387.0
-1202.0 -8525.0 -5412.0
-1232.0 -8535.0 -5372.0
-1207.0 -8625.0 -5432.0
-1257.0 -8605.0 -5397.0
-1207.0 -8755.0 -5387.0
-1217.0 -8750.0 -5392.0
-1305.0 -8830.0 -5345.0
-1247.0 -8907.0 -5382.0
417.0 -3337.0 -6462.0
555.0 -3505.0 -6645.0
182.0 -3862.0 -7642.0
290.0 -4030.0 -8062.0
182.0 -4117.0 -8117.0
202.0 -3955.0 -8180.0
60.0 -4212.0 -8225.0
350.0 -12272.0 -5382.0
875.0 -12712.0 -5477.0
982.0 -13185.0 -5047.0
1527.0 -13707.0 -5285.0
1957.0 -14357.0 -5397.0
1945.0 -14305.0 -5397.0
2190.0 -14617.0 -5432.0
2302.0 -14790.0 -5525.0
2475.0 -15075.0 -5580.0
2602.0 -15257.0 -5807.0
2547.0 -15057.0 -5697.0
2425.0 -15100.0 -5792.0
2365.0 -14952.0 -5767.0
2365.0 -14957.0 -5777.0
2292.0 -14917.0 -5742.0
2355.0 -14965.0 -5727.0
2327.0 -15120.0 -5782.0
2460.0 -14890.0 -5600.0
2517.0 -14927.0 -5767.0
2420.0 -14942.0 -5727.0
2557.0 -14957.0 -5807.0
2430.0 -14965.0 -5742.0
2572.0 -15075.0 -5880.0
2475.0 -15032.0 -5797.0
2587.0 -15147.0 -5875.0
2562.0 -15057.0 -5782.0
2582.0 -15110.0 -5855.0
2547.0 -15062.0 -5807.0
2492.0 -15120.0 -5817.0
2460.0 -15057.0 -5875.0
2507.0 -15100.0 -5895.0
2527.0 -15100.0 -5880.0
2440.0 -15022.0 -5782.0
2552.0 -15042.0 -5925.0
2450.0 -15057.0 -5910.0
2587.0 -15032.0 -5965.0
2532.0 -15095.0 -5915.0
2440.0 -15267.0 -5930.0
2537.0 -15190.0 -5925.0
2470.0 -15132.0 -5905.0
2597.0 -15137.0 -5885.0
2440.0 -15095.0 -5940.0
2512.0 -15062.0 -5895.0
2852.0 -15210.0 -5822.0
2757.0 -15142.0 -5757.0
2670.0 -15137.0 -5935.0
2885.0 -15927.0 -6722.0
3587.0 -15890.0 -6382.0
4185.0 -16722.0 -7175.0
4215.0 -16407.0 -6610.0
4082.0 -16612.0 -7022.0
4235.0 -16512.0 -6855.0
3975.0 -16387.0 -6797.0
4047.0 -16502.0 -6935.0
3940.0 -16407.0 -6782.0
3975.0 -16472.0 -6875.0
3975.0 -16465.0 -6802.0
3985.0 -16472.0 -6835.0
3902.0 -16632.0 -7027.0
4020.0 -16387.0 -6880.0
3935.0 -16545.0 -7295.0
4230.0 -16355.0 -6950.0
4185.0 -16502.0 -7012.0
4417.0 -16582.0 -7032.0
6142.0 -17445.0 -8077.0
5127.0 -16812.0 -7062.0
4820.0 -16660.0 -7265.0
2715.0 -15132.0 -5660.0
2782.0 -15137.0 -5870.0
3175.0 -15287.0 -5600.0
3042.0 -15467.0 -5702.0
3372.0 -15612.0 -5945.0
3102.0 -15582.0 -5792.0
3287.0 -15827.0 -6027.0
3220.0 -15707.0 -5905.0
3077.0 -15670.0 -6137.0
3022.0 -15535.0 -5837.0
3220.0 -15627.0 -5670.0
3107.0 -15847.0 -5880.0
3102.0 -15737.0 -5802.0
3225.0 -15795.0 -5910.0
3215.0 -15755.0 -5860.0
3200.0 -15817.0 -5870.0
3327.0 -15822.0 -5860.0
3220.0 -15895.0 -5860.0
3410.0 -15912.0 -6017.0
3267.0 -15852.0 -5880.0
3255.0 -15875.0 -5895.0
3297.0 -15985.0 -6037.0
3190.0 -15790.0 -5865.0
3200.0 -15870.0 -5965.0
3165.0 -15827.0 -5822.0
3140.0 -15895.0 -5940.0
1292.0 -2935.0 -6447.0
1762.0 -3077.0 -6520.0
6717.0 -16770.0 -7412.0
6957.0 -17785.0 -8632.0
6677.0 -18205.0 -8357.0
6835.0 -18042.0 -8225.0
7282.0 -19502.0 -9392.0
7585.0 -19717.0 -10140.0
7950.0 -20167.0 -10247.0
8180.0 -20150.0 -10292.0
9577.0 -21015.0 -13187.0
10705.0 -20647.0 -14807.0
10305.0 -20895.0 -13985.0
10592.0 -20665.0 -14970.0
10677.0 -21010.0 -14650.0
10692.0 -21030.0 -14665.0
10882.0 -21025.0 -14902.0
10582.0 -21297.0 -14405.0
10917.0 -20890.0 -15005.0
10852.0 -21020.0 -14705.0
10832.0 -20710.0 -14807.0
10942.0 -20480.0 -14700.0
10740.0 -20417.0 -14420.0
10842.0 -20345.0 -14670.0
10612.0 -20665.0 -14247.0
10682.0 -20775.0 -14587.0
10662.0 -20837.0 -14325.0
10422.0 -21045.0 -14350.0
10810.0 -21470.0 -14522.0
10647.0 -21470.0 -14125.0
10500.0 -21767.0 -14435.0
10607.0 -21675.0 -14325.0
10322.0 -21847.0 -13980.0
10327.0 -21800.0 -13952.0
10127.0 -21920.0 -13805.0
10077.0 -22025.0 -13847.0
10137.0 -21930.0 -13812.0
9980.0 -22067.0 -13842.0
10067.0 -22035.0 -13937.0
10030.0 -21962.0 -13735.0
9897.0 -22010.0 -13577.0
10030.0 -22370.0 -13715.0
9862.0 -22005.0 -13445.0
9622.0 -21942.0 -13005.0
9542.0 -22087.0 -12977.0
9485.0 -22155.0 -12987.0
9195.0 -22495.0 -11715.0
9052.0 -22910.0 -12180.0
8920.0 -22720.0 -10932.0
8797.0 -23365.0 -11105.0
5505.0 -8787.0 -7692.0
6635.0 -8367.0 -7742.0
6010.0 -8127.0 -10362.0
4700.0 -6787.0 -11740.0
8670.0 -10477.0 -8012.0
8165.0 -10610.0 -7300.0
8012.0 -10572.0 -6950.0
8355.0 -10567.0 -7097.0
8685.0 -10640.0 -7752.0
9892.0 -11840.0 -7402.0
9877.0 -11787.0 -7185.0
9730.0 -11817.0 -6970.0
9665.0 -11880.0 -7022.0
9807.0 -11855.0 -7107.0
9765.0 -11907.0 -7112.0
9827.0 -11980.0 -7047.0
9812.0 -11960.0 -7190.0
9852.0 -11955.0 -7072.0
9930.0 -12090.0 -7017.0
9925.0 -12105.0 -6950.0
10030.0 -12152.0 -7087.0
10030.0 -12262.0 -6727.0
10087.0 -12205.0 -6860.0
10015.0 -12445.0 -7185.0
9907.0 -12572.0 -7200.0
10432.0 -12755.0 -6860.0
10295.0 -12912.0 -7107.0
10265.0 -12655.0 -6737.0
10427.0 -12875.0 -7235.0
10072.0 -12697.0 -6510.0
10295.0 -12765.0 -6880.0
9867.0 -12780.0 -6407.0
9930.0 -12827.0 -6472.0
9940.0 -12717.0 -6625.0
9955.0 -12750.0 -6560.0
10102.0 -12860.0 -6615.0
10045.0 -12812.0 -6427.0
10225.0 -12822.0 -6667.0
10290.0 -12890.0 -6610.0
10205.0 -12937.0 -6615.0
10280.0 -12855.0 -6655.0
10250.0 -12970.0 -6595.0
10270.0 -13017.0 -6555.0
10245.0 -13047.0 -6530.0
10407.0 -13075.0 -6590.0
10342.0 -13147.0 -6260.0
10342.0 -13105.0 -6250.0
10455.0 -13262.0 -6167.0
10402.0 -13215.0 -6122.0
10560.0 -13237.0 -6382.0
6932.0 -6672.0 -11277.0
5560.0 -5882.0 -12350.0
5550.0 -6422.0 -12455.0
6050.0 -6505.0 -12480.0
6157.0 -5505.0 -13167.0
5982.0 -6017.0 -13167.0
6130.0 -5567.0 -13532.0
4965.0 -5557.0 -13632.0
6447.0 -5982.0 -13070.0
6207.0 -6300.0 -12765.0
6227.0 -7305.0 -12007.0
6590.0 -7202.0 -12297.0
6850.0 -7755.0 -12170.0
6967.0 -7830.0 -12135.0
6585.0 -6992.0 -12552.0
6447.0 -7112.0 -12897.0
6540.0 -7080.0 -13312.0
6540.0 -7222.0 -13217.0
6565.0 -7305.0 -13317.0
6605.0 -7370.0 -13400.0
6635.0 -7452.0 -13390.0
6530.0 -7380.0 -13475.0
6580.0 -7362.0 -13695.0
6565.0 -7395.0 -13755.0
6512.0 -7075.0 -14152.0
6610.0 -7045.0 -14292.0
6550.0 -7050.0 -14492.0
6482.0 -6777.0 -14640.0
6697.0 -6882.0 -14635.0
6845.0 -7060.0 -14120.0
7242.0 -6730.0 -13822.0
9377.0 -8587.0 -13450.0
9552.0 -8252.0 -13542.0
9097.0 -9222.0 -11932.0
9220.0 -9090.0 -11887.0
9102.0 -9610.0 -10562.0
9057.0 -9620.0 -10735.0
9410.0 -9797.0 -10455.0
9245.0 -9980.0 -10342.0
9445.0 -10090.0 -10047.0
9400.0 -10132.0 -10067.0
9337.0 -10252.0 -9450.0
9175.0 -10400.0 -9230.0
8857.0 -10500.0 -8377.0
9297.0 -10535.0 -8560.0
9537.0 -10472.0 -9540.0
10127.0 -9922.0 -10607.0
9995.0 -10112.0 -10902.0
10652.0 -9777.0 -11887.0
10565.0 -9940.0 -11770.0
7665.0 -6305.0 -13985.0
8282.0 -6490.0 -14597.0
8180.0 -6265.0 -14942.0
7782.0 -5810.0 -15310.0
7452.0 -5782.0 -15562.0
7610.0 -5467.0 -15917.0
7315.0 -5552.0 -15985.0
7390.0 -5055.0 -16315.0
7085.0 -5185.0 -16405.0
7252.0 -4762.0 -16650.0
7155.0 -4940.0 -16877.0
7537.0 -5202.0 -17197.0
7467.0 -5232.0 -17172.0
8482.0 -6467.0 -16557.0
8695.0 -7160.0 -15935.0
8900.0 -7142.0 -15512.0
9077.0 -7615.0 -14812.0
10725.0 -8845.0 -14415.0
10642.0 -8645.0 -15202.0
10980.0 -9065.0 -14950.0
10882.0 -9117.0 -15060.0
11142.0 -9227.0 -14980.0
11107.0 -9280.0 -14970.0
11157.0 -9232.0 -15030.0
16082.0 -12525.0 -19315.0
18095.0 -12582.0 -20082.0
14237.0 -11180.0 -25667.0
15975.0 -11315.0 -24867.0
15592.0 -10285.0 -27837.0
15362.0 -11342.0 -28970.0
13635.0 -8395.0 -29737.0
11717.0 -7605.0 -29872.0
15632.0 -9305.0 -32768.0
18065.0 -10545.0 -32467.0
19252.0 -11362.0 -30482.0
21195.0 -12267.0 -32768.0
23472.0 -13560.0 -30365.0
19197.0 -11660.0 -32000.0
18227.0 -10835.0 -31372.0
13385.0 -10200.0 -32768.0
3665.0 -2337.0 -32052.0
2365.0 -945.0 -8637.0
12095.0 -5970.0 -31345.0
12060.0 -6232.0 -31535.0
12732.0 -6815.0 -32768.0
12702.0 -7112.0 -32768.0
14837.0 -8552.0 -32768.0
18182.0 -9850.0 -32768.0
18090.0 -9175.0 -32768.0
18030.0 -9315.0 -32768.0
15022.0 -8102.0 -32067.0
15230.0 -7840.0 -32027.0
15902.0 -8745.0 -31692.0
16152.0 -8650.0 -31995.0
18325.0 -9835.0 -31000.0
19650.0 -10505.0 -29822.0
19600.0 -11042.0 -29010.0
19960.0 -10332.0 -29192.0
19945.0 -9897.0 -30005.0
19590.0 -10730.0 -30355.0
19792.0 -9835.0 -30767.0
20155.0 -10037.0 -31885.0
21112.0 -10222.0 -31737.0
20210.0 -9907.0 -31747.0
20185.0 -9655.0 -31142.0
19930.0 -9682.0 -32768.0
19635.0 -9080.0 -32768.0
21062.0 -10430.0 -32768.0
20317.0 -10217.0 -32768.0
21337.0 -11975.0 -32768.0
22382.0 -11750.0 -32645.0
22692.0 -12955.0 -32482.0
20612.0 -10315.0 -32768.0
21092.0 -10792.0 -32768.0
21312.0 -9605.0 -32768.0
21137.0 -9860.0 -32768.0
22240.0 -11942.0 -31687.0
21960.0 -11965.0 -31707.0
23495.0 -12822.0 -30960.0
23647.0 -12780.0 -31875.0
24135.0 -13875.0 -30045.0
24257.0 -13520.0 -30000.0
23590.0 -13047.0 -29295.0
24835.0 -12812.0 -30010.0
23550.0 -12845.0 -29615.0
22617.0 -12105.0 -29567.0
21690.0 -12185.0 -30300.0
22465.0 -11802.0 -30792.0
22475.0 -11990.0 -30827.0
19307.0 -10492.0 -32310.0
19262.0 -9932.0 -32162.0
28745.0 -6175.0 -32768.0
20140.0 -5767.0 -32768.0
2017.0 -637.0 -18200.0
1580.0 -182.0 -11287.0
