-2337.0 -92.0 -5367.0
-2375.0 -552.0 -6240.0
-2475.0 -1102.0 -6510.0
-7075.0 -3695.0 -12070.0
-2205.0 -1790.0 -7642.0
-2002.0 -1642.0 -7647.0
-1930.0 -1615.0 -7647.0
-7807.0 -5265.0 -9150.0
-4805.0 -4925.0 -4397.0
-4225.0 -4237.0 -3752.0
-4567.0 -5342.0 -5492.0
-3975.0 -4180.0 -4025.0
-1410.0 -1475.0 -2605.0
-2067.0 -1737.0 -1292.0
-2762.0 -4590.0 -410.0
-2680.0 -4192.0 -822.0
-4577.0 -7557.0 -6457.0
-4560.0 -5652.0 -6255.0
-4000.0 -6845.0 -4655.0
-2572.0 -4437.0 -7347.0
-3047.0 -5150.0 -7235.0
-3087.0 -5447.0 10.0
-3342.0 -6380.0 187.0
-4097.0 -11060.0 -3792.0
-2327.0 -5562.0 572.0
-3240.0 -5642.0 -612.0
-3122.0 -7457.0 -902.0
-3660.0 -8055.0 -1380.0
-4392.0 -7807.0 -3527.0
-3970.0 -7840.0 -1330.0
-3077.0 -6415.0 -867.0
-2610.0 -5537.0 465.0
-2822.0 -6185.0 -4792.0
-3160.0 -6500.0 -4542.0
-3362.0 -7027.0 -4397.0
-3312.0 -8122.0 -4675.0
-3195.0 -8702.0 -3955.0
-1522.0 -3762.0 -7752.0
-3470.0 -6165.0 -6825.0
-3602.0 -6547.0 -6702.0
-3710.0 -7212.0 -6432.0
-3637.0 -7442.0 -6427.0
-3587.0 -7897.0 -6342.0
-3495.0 -7955.0 -6417.0
-3505.0 -8002.0 -6337.0
-3532.0 -7887.0 -6377.0
-3602.0 -7002.0 -6590.0
-3455.0 -6305.0 -6905.0
-2105.0 -4705.0 -7767.0
-1797.0 -8090.0 -8575.0
-4020.0 -11122.0 -4010.0
-1945.0 -5542.0 857.0
-1325.0 -6877.0 1625.0
-1202.0 -3522.0 -8570.0
-905.0 -5122.0 -5402.0
-1580.0 -5427.0 -5315.0
-3092.0 -8892.0 -4392.0
-2725.0 -9907.0 -4432.0
-2842.0 -9285.0 -4640.0
-2747.0 -10300.0 -3690.0
-3277.0 -9520.0 -3670.0
-3175.0 -9055.0 -3995.0
-3097.0 -9237.0 -4072.0
-2567.0 -10300.0 -3812.0
-2592.0 -10305.0 -3812.0
-1410.0 -7577.0 -5757.0
-1950.0 -7970.0 -5310.0
-2002.0 -6217.0 -4960.0
-1477.0 -5542.0 -4950.0
-1920.0 -8085.0 -4497.0
-2115.0 -7792.0 -4522.0
-2395.0 -6772.0 -4900.0
-2332.0 -6547.0 -4975.0
-1395.0 -5527.0 -4660.0
-2317.0 -9650.0 -6595.0
-1762.0 -8865.0 -6845.0
-2237.0 -9060.0 -6427.0
-815.0 -3625.0 -7977.0
-1360.0 -4165.0 -7920.0
-1492.0 -7600.0 -5680.0
-1542.0 -7542.0 -5782.0
-1507.0 -7432.0 -5777.0
-1562.0 -7395.0 -5807.0
-1590.0 -7285.0 -5837.0
-1630.0 -7252.0 -5832.0
-1605.0 -7117.0 -5915.0
-1620.0 -7132.0 -5855.0
-1650.0 -7075.0 -5900.0
-1655.0 -7035.0 -5870.0
-1680.0 -7097.0 -5890.0
-1685.0 -7065.0 -5822.0
-1670.0 -7092.0 -5880.0
-1660.0 -7097.0 -5905.0
-1645.0 -7112.0 -5842.0
-1697.0 -7097.0 -5842.0
-790.0 -7070.0 1807.0
-1237.0 -11080.0 -3665.0
-835.0 -10970.0 -3892.0
-1125.0 -10990.0 -3852.0
-1207.0 -11017.0 -3737.0
-120.0 -8860.0 -5822.0
-667.0 -8097.0 -6147.0
-657.0 -7950.0 -6167.0
-1202.0 -9170.0 -5215.0
-1502.0 -8927.0 -5112.0
-30.0 -4892.0 -5052.0
-50.0 -9012.0 -4595.0
-810.0 -8692.0 -4895.0
-830.0 -4935.0 -5107.0
-645.0 -4862.0 -5215.0
-662.0 -4825.0 -4862.0
-565.0 -8102.0 -4772.0
-1585.0 -9520.0 -6712.0
-20.0 -8645.0 -7402.0
-507.0 -10467.0 -5905.0
-227.0 -10927.0 -5462.0
-207.0 -10325.0 -6112.0
-50.0 -9845.0 -6650.0
-110.0 -8405.0 -7270.0
-227.0 -9002.0 -6910.0
-477.0 -8300.0 -6427.0
-502.0 -8305.0 -5965.0
-310.0 -8692.0 -5142.0
-355.0 -8687.0 -5142.0
-512.0 -8252.0 -5545.0
-815.0 -8175.0 -5487.0
967.0 -9332.0 -9575.0
610.0 -6750.0 1725.0
565.0 -5652.0 1287.0
385.0 -5710.0 -8977.0
1610.0 -9572.0 -4772.0
1310.0 -9477.0 -5127.0
182.0 -8922.0 -5787.0
1415.0 -8615.0 -4492.0
555.0 -8940.0 -4700.0
270.0 -8375.0 -5362.0
972.0 -7705.0 -11770.0
227.0 -8462.0 -7525.0
895.0 -7802.0 -7845.0
952.0 -7537.0 -7940.0
1085.0 -6715.0 -8180.0
1130.0 -6537.0 -8240.0
752.0 -8222.0 -7692.0
115.0 -8997.0 -7300.0
335.0 -9997.0 -6550.0
60.0 -9855.0 -6707.0
70.0 -9022.0 -7160.0
0.0 -8557.0 -7295.0
247.0 -8425.0 -7392.0
172.0 -9707.0 -6792.0
90.0 -9372.0 -6987.0
1135.0 -9332.0 -6855.0
1447.0 -9640.0 -6580.0
417.0 -2887.0 -7392.0
900.0 -9807.0 -6535.0
585.0 -9677.0 -6722.0
275.0 -8865.0 -7347.0
132.0 -8802.0 -7357.0
192.0 -8782.0 -7275.0
1140.0 -5855.0 -5970.0
890.0 -4915.0 -5315.0
2532.0 -9855.0 -3360.0
2567.0 -10017.0 -3202.0
1762.0 -5260.0 -3585.0
1752.0 -5275.0 -3720.0
2827.0 -9060.0 -2267.0
3042.0 -8510.0 -2547.0
2695.0 -8807.0 -3887.0
2487.0 -8935.0 -4092.0
1212.0 -5017.0 -4852.0
1385.0 -5652.0 -5377.0
1267.0 -5677.0 -5487.0
1982.0 -6145.0 -5345.0
2012.0 -6467.0 -5240.0
2247.0 -6877.0 -4737.0
2322.0 -6925.0 -4575.0
2012.0 -7950.0 -4427.0
1895.0 -6892.0 -5355.0
2237.0 -7305.0 -10200.0
1305.0 -6472.0 -8220.0
1330.0 -6595.0 -8185.0
3097.0 -9117.0 -6330.0
737.0 -2715.0 -7352.0
772.0 -3260.0 -8007.0
2552.0 -9515.0 -6605.0
2017.0 -9702.0 -6707.0
5687.0 -10435.0 -7215.0
5712.0 -10472.0 -7260.0
5760.0 -10482.0 -7215.0
5687.0 -10472.0 -7250.0
5712.0 -10482.0 -7250.0
5712.0 -10477.0 -7275.0
5712.0 -10482.0 -7240.0
5717.0 -10487.0 -7230.0
5647.0 -10500.0 -7230.0
5707.0 -10510.0 -7205.0
5707.0 -10467.0 -7235.0
5687.0 -10435.0 -7225.0
5745.0 -10477.0 -7240.0
5687.0 -10447.0 -7230.0
5750.0 -10430.0 -7210.0
5697.0 -10477.0 -7225.0
5712.0 -10452.0 -7230.0
5702.0 -10457.0 -7230.0
5682.0 -10415.0 -7290.0
5687.0 -10462.0 -7260.0
5727.0 -10452.0 -7265.0
5722.0 -10420.0 -7265.0
5687.0 -10442.0 -7235.0
5717.0 -10467.0 -7245.0
5732.0 -10430.0 -7250.0
5707.0 -10447.0 -7230.0
5682.0 -10467.0 -7255.0
5672.0 -10500.0 -7280.0
5727.0 -10457.0 -7185.0
5687.0 -10467.0 -7235.0
5717.0 -10462.0 -7245.0
5697.0 -10447.0 -7280.0
5732.0 -10462.0 -7275.0
5702.0 -10477.0 -7245.0
5667.0 -10410.0 -7250.0
5702.0 -10420.0 -7265.0
5687.0 -10452.0 -7220.0
5692.0 -10462.0 -7265.0
5732.0 -10487.0 -7225.0
5790.0 -10472.0 -7230.0
5717.0 -10462.0 -7250.0
5737.0 -10467.0 -7230.0
5722.0 -10477.0 -7225.0
5687.0 -10457.0 -7255.0
5712.0 -10482.0 -7215.0
5672.0 -10467.0 -7245.0
5727.0 -10452.0 -7220.0
5727.0 -10467.0 -7225.0
5717.0 -10457.0 -7235.0
5672.0 -10447.0 -7250.0
3897.0 -6567.0 -6737.0
3915.0 -6342.0 -6737.0
3877.0 -5912.0 -6792.0
3740.0 -5595.0 -6940.0
2890.0 -4752.0 -7545.0
2925.0 -4302.0 -7367.0
3042.0 -3810.0 -7220.0
2920.0 -3792.0 -7215.0
2410.0 -3250.0 -7260.0
2210.0 -3050.0 -7255.0
2027.0 -3422.0 -7850.0
2680.0 -3637.0 -7727.0
3572.0 -4977.0 -7515.0
3642.0 -5370.0 -7480.0
