-1365.0 -2280.0 -6845.0
-1310.0 -1915.0 -6655.0
-1335.0 -1835.0 -6570.0
-1370.0 -1790.0 -6482.0
-1400.0 -1835.0 -6467.0
-1670.0 -2485.0 -6712.0
-1685.0 -2512.0 -6707.0
-1707.0 -2385.0 -6610.0
-1670.0 -2437.0 -6630.0
-1712.0 -2542.0 -6615.0
-1697.0 -2465.0 -6580.0
-1732.0 -2475.0 -6610.0
-1707.0 -2447.0 -6570.0
-1727.0 -2500.0 -6585.0
-1727.0 -2465.0 -6560.0
-1762.0 -2537.0 -6555.0
-1757.0 -2505.0 -6605.0
-1757.0 -2490.0 -6550.0
-1732.0 -2517.0 -6525.0
-1772.0 -2512.0 -6560.0
-1757.0 -2537.0 -6545.0
-1722.0 -2600.0 -6590.0
-1752.0 -2627.0 -6635.0
-1757.0 -2695.0 -6610.0
-1727.0 -2657.0 -6630.0
-1675.0 -2737.0 -6682.0
-1630.0 -2787.0 -6732.0
-1542.0 -2620.0 -6915.0
-1242.0 -1982.0 -6870.0
-962.0 -1615.0 -6802.0
-870.0 -1447.0 -6747.0
-942.0 -1610.0 -6802.0
-952.0 -1595.0 -6752.0
-962.0 -1627.0 -6840.0
-972.0 -1667.0 -6762.0
-1027.0 -1767.0 -6855.0
-1080.0 -1820.0 -6855.0
-1095.0 -1887.0 -6870.0
-1177.0 -1930.0 -6850.0
-1150.0 -1962.0 -6840.0
-1120.0 -1925.0 -6860.0
-1070.0 -1830.0 -6802.0
-1070.0 -1847.0 -6855.0
-1105.0 -1825.0 -6802.0
-1070.0 -1790.0 -6830.0
-1055.0 -1810.0 -6807.0
-1135.0 -1847.0 -6840.0
-1125.0 -1782.0 -6777.0
-1050.0 -1795.0 -6797.0
-1017.0 -1757.0 -6782.0
-1305.0 -3480.0 -7007.0
-1497.0 -3805.0 -6900.0
-1085.0 -2897.0 -6955.0
-1385.0 -2852.0 -7022.0
-1570.0 -2872.0 -6840.0
-1542.0 -2925.0 -6807.0
-1512.0 -3065.0 -6910.0
-1517.0 -3150.0 -6840.0
-1532.0 -3197.0 -6955.0
-1527.0 -3227.0 -6980.0
-1517.0 -3245.0 -6930.0
-1452.0 -3265.0 -6935.0
-1507.0 -3250.0 -6950.0
-1522.0 -3245.0 -6940.0
-1502.0 -3270.0 -6885.0
-1522.0 -3280.0 -6905.0
-1462.0 -3245.0 -6925.0
-1477.0 -3270.0 -6945.0
-1467.0 -3280.0 -6960.0
-1447.0 -3265.0 -6980.0
-1472.0 -3245.0 -6965.0
-1477.0 -3270.0 -6955.0
-1462.0 -3342.0 -6980.0
-1370.0 -3380.0 -7032.0
-830.0 -2255.0 -7210.0
-1075.0 -2615.0 -7195.0
-855.0 -1642.0 -6915.0
-952.0 -1847.0 -6975.0
-1095.0 -2155.0 -6960.0
-1202.0 -2365.0 -6980.0
-1447.0 -3757.0 -7150.0
-1472.0 -2595.0 -6955.0
-850.0 -1532.0 -6742.0
-880.0 -1570.0 -6807.0
-875.0 -1542.0 -6757.0
-910.0 -1580.0 -6802.0
-932.0 -1622.0 -6767.0
-917.0 -1605.0 -6807.0
-987.0 -1710.0 -6830.0
-982.0 -1737.0 -6830.0
-1095.0 -1915.0 -6830.0
-1105.0 -1957.0 -6860.0
-1095.0 -1930.0 -6895.0
-1115.0 -1935.0 -6895.0
-1032.0 -1877.0 -6835.0
-1055.0 -1852.0 -6830.0
-1032.0 -1842.0 -6835.0
-1060.0 -1877.0 -6850.0
-1032.0 -1882.0 -6875.0
-1037.0 -1847.0 -6850.0
-875.0 -4580.0 -7260.0
-942.0 -4572.0 -7260.0
-1130.0 -4285.0 -7195.0
-1145.0 -4295.0 -7230.0
-1032.0 -4102.0 -7352.0
-900.0 -4212.0 -7352.0
-467.0 -2345.0 -7295.0
-525.0 -2385.0 -7322.0
-525.0 -2852.0 -7467.0
-560.0 -2805.0 -7452.0
-570.0 -2967.0 -7300.0
-570.0 -3192.0 -7337.0
-810.0 -4442.0 -7327.0
-880.0 -4390.0 -7245.0
-1007.0 -4432.0 -7155.0
-1055.0 -4390.0 -7175.0
-1095.0 -4370.0 -7175.0
-1120.0 -4337.0 -7230.0
-1060.0 -4342.0 -7117.0
-1070.0 -4360.0 -7150.0
-1060.0 -4412.0 -7190.0
-1065.0 -4390.0 -7205.0
-1060.0 -4385.0 -7175.0
-1060.0 -4347.0 -7210.0
-992.0 -4370.0 -7195.0
-1055.0 -4337.0 -7165.0
-1065.0 -4380.0 -7165.0
-1095.0 -4365.0 -7155.0
-1060.0 -4400.0 -7132.0
-1080.0 -4400.0 -7175.0
-1100.0 -4385.0 -7137.0
-1017.0 -4412.0 -7150.0
-1037.0 -4422.0 -7200.0
-1045.0 -4395.0 -7165.0
-1002.0 -4452.0 -7210.0
-957.0 -4417.0 -7210.0
-702.0 -3695.0 -7407.0
-692.0 -3700.0 -7407.0
-707.0 -3542.0 -7387.0
-742.0 -3567.0 -7397.0
-682.0 -3575.0 -7332.0
-687.0 -3637.0 -7382.0
-707.0 -3615.0 -7407.0
-687.0 -3620.0 -7372.0
-677.0 -3662.0 -7362.0
-742.0 -3615.0 -7387.0
-762.0 -3600.0 -7432.0
-762.0 -3605.0 -7447.0
-712.0 -3615.0 -7437.0
-707.0 -3610.0 -7412.0
-987.0 -12132.0 -4605.0
-992.0 -12117.0 -4560.0
-957.0 -12142.0 -4565.0
-982.0 -12147.0 -4615.0
-967.0 -12180.0 -4610.0
-952.0 -12132.0 -4625.0
-967.0 -12152.0 -4580.0
-977.0 -12132.0 -4590.0
-1002.0 -12132.0 -4560.0
-962.0 -12147.0 -4610.0
-977.0 -12142.0 -4605.0
-1007.0 -12162.0 -4615.0
-992.0 -12162.0 -4585.0
-977.0 -12167.0 -4620.0
-967.0 -12152.0 -4595.0
-942.0 -12142.0 -4595.0
-972.0 -12137.0 -4560.0
-982.0 -12180.0 -4590.0
-1017.0 -12142.0 -4600.0
-987.0 -12142.0 -4595.0
-987.0 -12137.0 -4595.0
-977.0 -12142.0 -4590.0
-972.0 -12147.0 -4565.0
-962.0 -12157.0 -4605.0
-952.0 -12147.0 -4560.0
-962.0 -12175.0 -4600.0
-937.0 -12127.0 -4625.0
-992.0 -12162.0 -4585.0
-982.0 -12147.0 -4575.0
-972.0 -12090.0 -4570.0
-982.0 -12152.0 -4615.0
-957.0 -12132.0 -4615.0
-937.0 -12080.0 -4610.0
-982.0 -12090.0 -4555.0
-967.0 -12142.0 -4595.0
-972.0 -12127.0 -4605.0
-987.0 -12227.0 -4615.0
-962.0 -12152.0 -4610.0
-997.0 -12190.0 -4575.0
-972.0 -12180.0 -4550.0
-987.0 -12157.0 -4590.0
-1027.0 -12190.0 -4542.0
-932.0 -12147.0 -4560.0
-947.0 -12122.0 -4542.0
-982.0 -12162.0 -4595.0
-1007.0 -12180.0 -4605.0
-1012.0 -12162.0 -4625.0
-967.0 -12147.0 -4590.0
-967.0 -12180.0 -4600.0
-977.0 -12147.0 -4645.0
810.0 -8945.0 -4960.0
280.0 -4580.0 -7737.0
315.0 -3695.0 -7845.0
270.0 -2407.0 -7382.0
187.0 -2490.0 -7402.0
50.0 -2532.0 -7447.0
65.0 -2562.0 -7490.0
202.0 -2360.0 -7457.0
762.0 -5307.0 -7575.0
635.0 -5265.0 -7610.0
157.0 -5035.0 -7595.0
70.0 -4850.0 -7605.0
95.0 -5007.0 -7505.0
697.0 -5017.0 -7682.0
790.0 -5457.0 -7855.0
772.0 -5347.0 -7900.0
482.0 -5332.0 -7850.0
237.0 -5290.0 -7875.0
75.0 -5337.0 -7805.0
212.0 -5802.0 -7682.0
652.0 -5752.0 -7767.0
702.0 -5635.0 -7805.0
207.0 -2177.0 -7480.0
25.0 -2202.0 -7432.0
5.0 -2452.0 -7535.0
172.0 -2327.0 -7575.0
310.0 -2217.0 -7377.0
115.0 -2035.0 -7280.0
15.0 -2552.0 -7495.0
202.0 -2442.0 -7495.0
290.0 -2452.0 -7525.0
370.0 -2672.0 -7610.0
512.0 -4850.0 -7687.0
252.0 -4705.0 -7652.0
25.0 -4187.0 -7625.0
147.0 -4442.0 -7637.0
325.0 -4390.0 -7667.0
595.0 -4437.0 -7692.0
540.0 -4442.0 -7712.0
422.0 -4495.0 -7625.0
447.0 -4485.0 -7672.0
402.0 -4495.0 -7687.0
397.0 -4522.0 -7742.0
360.0 -4490.0 -7702.0
375.0 -4495.0 -7702.0
355.0 -4527.0 -7692.0
370.0 -4547.0 -7692.0
412.0 -4490.0 -7672.0
385.0 -4475.0 -7677.0
275.0 -4515.0 -7647.0
795.0 -3715.0 -7845.0
595.0 -2102.0 -7387.0
555.0 -2140.0 -7412.0
442.0 -2227.0 -7382.0
447.0 -2227.0 -7392.0
727.0 -2015.0 -7417.0
1457.0 -5300.0 -7530.0
1277.0 -5295.0 -7545.0
1262.0 -4887.0 -7717.0
1315.0 -4882.0 -7752.0
1630.0 -4840.0 -7792.0
1712.0 -4740.0 -7792.0
1160.0 -5495.0 -7860.0
1027.0 -5452.0 -7850.0
1267.0 -5237.0 -7950.0
1762.0 -4965.0 -7915.0
1542.0 -5150.0 -7905.0
1580.0 -5520.0 -7815.0
1697.0 -5490.0 -7800.0
1840.0 -5242.0 -7855.0
1812.0 -5227.0 -7850.0
1807.0 -5295.0 -7865.0
1125.0 -5490.0 -7805.0
1855.0 -5610.0 -7630.0
1502.0 -5867.0 -7590.0
1527.0 -5810.0 -7667.0
1415.0 -5912.0 -7560.0
1497.0 -5872.0 -7570.0
1950.0 -5537.0 -7667.0
1950.0 -5600.0 -7672.0
1807.0 -5745.0 -7610.0
1802.0 -5757.0 -7610.0
1812.0 -5730.0 -7620.0
1797.0 -5762.0 -7630.0
1797.0 -5705.0 -7600.0
1802.0 -5705.0 -7555.0
1722.0 -5820.0 -7570.0
1747.0 -5820.0 -7605.0
1737.0 -5787.0 -7550.0
1737.0 -5810.0 -7555.0
1772.0 -5777.0 -7580.0
1742.0 -5752.0 -7555.0
1737.0 -5767.0 -7580.0
1747.0 -5777.0 -7585.0
1802.0 -5735.0 -7565.0
1802.0 -5725.0 -7565.0
1835.0 -5745.0 -7565.0
1807.0 -5777.0 -7545.0
1822.0 -5810.0 -7490.0
1845.0 -5797.0 -7480.0
3027.0 -7332.0 -5860.0
1727.0 -3117.0 -7332.0
1670.0 -3742.0 -7427.0
1395.0 -3667.0 -7407.0
1467.0 -3170.0 -7377.0
1410.0 -3212.0 -7357.0
1930.0 -3762.0 -7717.0
1512.0 -3892.0 -7925.0
1712.0 -3542.0 -7910.0
1145.0 -2092.0 -7437.0
850.0 -1972.0 -7397.0
1272.0 -2752.0 -7600.0
1650.0 -2872.0 -7687.0
2395.0 -4527.0 -7575.0
2400.0 -4552.0 -7525.0
2175.0 -4955.0 -7545.0
1992.0 -5102.0 -7535.0
2105.0 -3735.0 -7850.0
1410.0 -2767.0 -7905.0
1405.0 -2662.0 -7935.0
1405.0 -2605.0 -7875.0
1390.0 -2627.0 -7885.0
905.0 -1757.0 -7657.0
1032.0 -1820.0 -7677.0
2297.0 -4547.0 -7920.0
2032.0 -4955.0 -7890.0
2012.0 -4515.0 -7997.0
2082.0 -4207.0 -7992.0
2052.0 -3792.0 -8017.0
2052.0 -3925.0 -8012.0
2067.0 -5590.0 -7687.0
2032.0 -4997.0 -7885.0
2297.0 -4457.0 -7910.0
2317.0 -4237.0 -7972.0
2292.0 -4462.0 -7920.0
2277.0 -4475.0 -7950.0
2282.0 -4432.0 -7945.0
2277.0 -4490.0 -7955.0
2287.0 -4527.0 -7962.0
2222.0 -4552.0 -7987.0
2282.0 -4705.0 -7915.0
2350.0 -4820.0 -7875.0
2012.0 -5442.0 -7747.0
2062.0 -5380.0 -7687.0
2365.0 -4882.0 -7825.0
2332.0 -4955.0 -7787.0
2027.0 -5495.0 -7667.0
2042.0 -5347.0 -7540.0
2105.0 -5352.0 -7510.0
2287.0 -5160.0 -7525.0
4705.0 -5992.0 -5600.0
2307.0 -2982.0 -7150.0
2312.0 -2997.0 -7102.0
2355.0 -3030.0 -7127.0
2350.0 -3040.0 -7132.0
2322.0 -2997.0 -7087.0
2140.0 -2737.0 -7022.0
3037.0 -3700.0 -7240.0
3082.0 -3715.0 -7175.0
2602.0 -3182.0 -7442.0
2635.0 -3182.0 -7432.0
2322.0 -3140.0 -7535.0
2327.0 -3280.0 -7565.0
2360.0 -2935.0 -7545.0
2287.0 -2730.0 -7510.0
1742.0 -2452.0 -7555.0
1645.0 -2370.0 -7565.0
1370.0 -2177.0 -7457.0
1120.0 -1857.0 -7357.0
1182.0 -1805.0 -7337.0
1802.0 -2452.0 -7590.0
1625.0 -2375.0 -7550.0
1997.0 -3077.0 -7687.0
2195.0 -3417.0 -7707.0
2342.0 -3840.0 -7610.0
2385.0 -3982.0 -7625.0
2077.0 -3590.0 -7855.0
2002.0 -2950.0 -7870.0
2032.0 -2977.0 -7835.0
1860.0 -2787.0 -7845.0
1802.0 -2777.0 -7860.0
1645.0 -2705.0 -7855.0
1620.0 -2700.0 -7880.0
1752.0 -2140.0 -7752.0
1600.0 -1982.0 -7737.0
1527.0 -1835.0 -7672.0
1140.0 -1605.0 -7530.0
1017.0 -1675.0 -7520.0
2140.0 -2585.0 -7910.0
2257.0 -2700.0 -7920.0
2482.0 -3312.0 -7950.0
2527.0 -3700.0 -7905.0
2405.0 -3255.0 -7935.0
2237.0 -2930.0 -7935.0
2057.0 -2920.0 -7930.0
2077.0 -2925.0 -7955.0
2287.0 -3910.0 -7997.0
2532.0 -4222.0 -7677.0
2507.0 -4040.0 -7667.0
2542.0 -3910.0 -7732.0
4300.0 -4510.0 -5255.0
4347.0 -3730.0 -6645.0
3632.0 -3222.0 -6782.0
3552.0 -3517.0 -6747.0
3362.0 -3537.0 -6890.0
3312.0 -3407.0 -6875.0
3372.0 -3400.0 -6850.0
3362.0 -3395.0 -6880.0
3322.0 -3385.0 -6835.0
3322.0 -3380.0 -6860.0
3322.0 -3417.0 -6812.0
3332.0 -3447.0 -6870.0
3322.0 -3385.0 -6845.0
3297.0 -3285.0 -6840.0
3332.0 -3317.0 -6802.0
3415.0 -3297.0 -6825.0
3387.0 -3317.0 -6840.0
3357.0 -3265.0 -6807.0
3337.0 -3290.0 -6797.0
3362.0 -3307.0 -6807.0
3367.0 -3302.0 -6845.0
3387.0 -3302.0 -6840.0
3367.0 -3312.0 -6835.0
3347.0 -3302.0 -6845.0
3357.0 -3280.0 -6792.0
3387.0 -3285.0 -6830.0
3387.0 -3280.0 -6817.0
3400.0 -3250.0 -6787.0
3377.0 -3285.0 -6840.0
3367.0 -3317.0 -6830.0
3327.0 -3270.0 -6835.0
3352.0 -3312.0 -6825.0
3372.0 -3302.0 -6812.0
3367.0 -3307.0 -6792.0
3415.0 -3302.0 -6807.0
3410.0 -3297.0 -6812.0
3415.0 -3302.0 -6830.0
3362.0 -3332.0 -6910.0
3352.0 -3290.0 -6855.0
3367.0 -3317.0 -6845.0
3312.0 -3360.0 -6850.0
3287.0 -3370.0 -6850.0
3250.0 -3332.0 -6845.0
3292.0 -3275.0 -6850.0
3312.0 -3275.0 -6812.0
3297.0 -3322.0 -6895.0
3262.0 -3307.0 -6885.0
3282.0 -3307.0 -6865.0
3282.0 -3355.0 -6840.0
3287.0 -3342.0 -6850.0
6167.0 -5075.0 -6960.0
5647.0 -3447.0 -7500.0
5392.0 -4422.0 -7362.0
2625.0 -2160.0 -6655.0
4117.0 -3327.0 -6427.0
4657.0 -3140.0 -6407.0
4240.0 -3332.0 -7062.0
3642.0 -2800.0 -7392.0
3505.0 -2112.0 -7397.0
4057.0 -3255.0 -7235.0
3882.0 -2690.0 -7215.0
4072.0 -3072.0 -7190.0
4362.0 -2757.0 -6682.0
3902.0 -2835.0 -6925.0
4185.0 -2897.0 -6752.0
1935.0 -1542.0 -7185.0
2100.0 -1570.0 -7175.0
2337.0 -1615.0 -7150.0
2355.0 -1652.0 -7072.0
2475.0 -1680.0 -7117.0
2450.0 -1680.0 -7062.0
2350.0 -1657.0 -7102.0
2360.0 -1647.0 -7082.0
2317.0 -1747.0 -7165.0
2332.0 -1830.0 -7185.0
2487.0 -1900.0 -7210.0
2537.0 -1957.0 -7142.0
2700.0 -2117.0 -7190.0
2802.0 -2222.0 -7230.0
2910.0 -2302.0 -7250.0
2852.0 -2375.0 -7295.0
2180.0 -1747.0 -7270.0
2425.0 -1830.0 -7230.0
2400.0 -1777.0 -7155.0
2420.0 -1737.0 -7137.0
2405.0 -1752.0 -7122.0
2337.0 -1820.0 -7190.0
2370.0 -1905.0 -7230.0
2327.0 -1892.0 -7230.0
2322.0 -1720.0 -7137.0
2355.0 -1747.0 -7150.0
2395.0 -1700.0 -7112.0
2350.0 -1657.0 -7107.0
2337.0 -1685.0 -7132.0
2307.0 -1667.0 -7092.0
2287.0 -1632.0 -7107.0
2282.0 -1685.0 -7117.0
2307.0 -1690.0 -7102.0
2350.0 -1705.0 -7112.0
2237.0 -1657.0 -7165.0
5947.0 -3117.0 -8245.0
3750.0 -2092.0 -6900.0
805.0 -437.0 -6167.0
1110.0 -547.0 -6325.0
2052.0 -1150.0 -6845.0
1640.0 -465.0 -6320.0
